15:56:05.044 -> 1516,930,928,13.1,97933,32.1,4.12,10:26:01,28.6107,8.2044,165.1,12, 8,-4,0,0,0
15:56:06.024 -> 1516,931,929,14.1,97920,32.1,4.12,10:26:01,28.6107,8.2044,165.1,12,-3,-4,0,0,0
15:56:07.035 -> 1516,933,930,13.8,97924,32.2,4.12,10:26:01,28.6107,8.2044,165.1,12,-2,-5,0,0,0
15:56:08.016 -> 1516,934,931,13.9,97923,32.2,4.12,10:26:01,28.6107,8.2044,165.1,12,-2,-1,0,0,0
15:56:09.036 -> 1516,935,932,14.2,97919,32.2,4.12,10:26:01,28.6107,8.2044,165.1,12,-4,-3,0,0,0
15:56:10.023 -> 1516,935,933,13.9,97923,32.2,4.12,10:26:01,28.6107,8.2044,165.1,12, 2,-6,0,0,0
15:56:11.038 -> 1516,936,934,13.9,97923,32.2,4.12,10:26:11,28.6108,8.2044,168.2,12,-6, 1,0,0,0
15:56:12.021 -> 1516,938,935,13.8,97924,32.2,4.12,10:26:11,28.6108,8.2044,168.2,12,-8, 1,0,0,0
15:56:17.022 -> 1516,943,940,13.7,97925,32.2,4.12,10:26:13,28.6107,8.2044,169.3,12,-10,-0,0,0,0
15:56:26.050 -> 1516,952,949,13.9,97923,32.2,4.12,10:26:19,8.6107,77.0434,166.8,12, 0,-1,0,0,0
15:56:40.019 -> 1516,966,963,14.2,97919,32.4,4.12,10:26:27,28.6106,77.0376,166.8,12,-5, 0,0,0,0
15:57:17.036 -> 1516,1003,1000,15.1,97908,33.8,4.11,10:27:09,28.6104,77.0375,194.8,12,-6, 3,0,0,0
15:57:18.015 -> 1516,1003,1001,15.1,97908,33.8,4.11,10:27:09,28.6104,77.0375,194.8,12, 8, 4,0,0,0
15:57:20.044 -> 1516,1005,1003,16.8,97889,33.9,4.12,10:27:09,28.6104,77.0375,194.8,12,-8, 4,0,0,0
15:57:22.039 -> 1516,1008,1005,17.2,97885,33.7,4.12,10:27:20,28.6104,0.0000,-40.3,206,-1,-9,0,0,0
15:57:23.020 -> 1516,1008,1006,16.4,97894,33.6,4.12,10:27:20,28.6104,0.0000,-40.3,206,-5, 3,0,0,0
15:57:24.035 -> 1516,1009,1007,16.1,97898,33.5,4.12,10:27:20,28.6104,0.0000,-40.3,206,-5, 1,0,0,0
15:57:25.021 -> 1516,1011,1008,16.3,97895,33.5,4.12,10:27:20,28.6104,0.0000,-40.3,206,-5,-11,0,0,0
15:57:26.037 -> 1516,1012,1009,15.8,97900,33.3,4.12,10:27:20,28.6104,0.0000,-40.3,206,-0,-9,0,0,0
15:57:27.015 -> 1516,1013,1010,16.7,97891,33.2,4.12,10:27:20,28.6104,0.0000,-40.3,206,-4,-4,0,0,0
15:57:36.019 -> 1516,1022,1019,15.7,97902,32.9,4.11,10:27:20,28.6104,0.0000,-40.3,206, 0, 0,0,0,0
15:57:37.031 -> 1516,1022,1020,16.3,97895,32.9,4.12,10:27:20,28.6104,0.0000,-40.3,206,-4,-17,0,0,0
15:57:40.017 -> 1516,1026,1023,16.3,97895,33.0,4.12,10:27:37,28.6105,8.2042,208.0,12,-1,-3,0,0,0
15:57:59.026 -> 1516,1045,1042,15.3,97907,33.2,4.12,10:27:58,28.6106,77.0376,211.0,12,-0,-10,0,0,0
15:58:05.022 -> 1516,1050,1048,15.0,97910,32.8,4.12,10:28:01,28.6106,77.0376,211.0,12, 6, 2,0,0,0
15:58:06.033 -> 1516,1051,1049,14.7,97913,32.8,4.12,10:28:01,28.6106,77.0376,211.0,12, 6, 7,0,0,0
15:58:07.016 -> 1516,1053,1050,14.3,97918,32.7,4.12,10:28:01,28.6106,77.0376,211.0,12,13, 2,0,0,0
15:58:09.047 -> 1516,1054,1052,14.7,97914,32.6,4.12,10:28:01,28.6106,77.0376,211.0,12, 1, 7,0,0,0
15:58:10.039 -> 1516,1055,1053,14.0,97921,32.6,4.12,10:28:01,28.6106,77.0376,211.0,12,-0, 1,0,0,0
15:58:11.033 -> 1516,1057,1054,14.6,97915,32.6,4.12,10:28:01,28.6106,77.0376,211.0,12, 5, 3,0,0,0
15:58:12.008 -> 1516,1058,1055,15.1,97909,32.5,4.12,10:28:11,28.6107,0.0000,-40.3,214, 1,-3,0,0,0
15:58:13.027 -> 1516,1059,1056,14.0,97921,32.5,4.11,10:28:11,28.6107,0.0000,-40.3,214, 0, 2,0,0,0
15:58:14.039 -> 1516,1059,1057,14.4,97917,32.5,4.11,01:28:13,28.6108,77.0377,-40.3,214,-1,-2,0,0,0
15:58:15.031 -> 1516,1060,1058,14.0,97922,32.6,4.12,01:28:13,28.6108,77.0377,-40.3,214, 2,-3,0,0,0
15:58:16.009 -> 1516,1062,1059,13.5,97927,32.7,4.12,01:28:13,28.6108,77.0377,-40.3,214, 1, 1,0,0,0
15:58:17.030 -> 1516,1063,1060,14.4,97916,32.8,4.12,01:28:13,28.6108,77.0377,-40.3,214,-1,-5,0,0,0
15:58:18.015 -> 1516,1063,1061,14.4,97916,32.8,4.11,10:28:17,28.6108,77.0377,-40.3,214,-0,-4,0,0,0
15:58:19.026 -> 1516,1064,1062,14.3,97918,32.9,4.11,10:28:17,28.6108,77.0377,-40.3,214, 1,-3,0,0,0
15:58:20.016 -> 1516,1065,1063,15.2,97907,32.9,4.12,10:28:19,28.6108,77.0377,-40.3,214, 2,-2,0,0,0
15:58:20.997 -> 1516,1067,1064,14.9,97911,33.0,4.12,10:28:19,28.6108,77.0377,-40.3,214,-2,-6,0,0,0
15:58:22.003 -> 1516,1068,1065,16.1,97898,33.0,4.11,10:28:19,28.6108,77.0377,-40.3,214,-4,-6,0,0,0
15:58:23.015 -> 1516,1068,1066,15.7,97901,33.0,4.12,10:28:19,28.6108,77.0377,-40.3,214,-4,-5,0,0,0
15:58:24.032 -> 1516,1069,1067,16.0,97898,33.0,4.11,10:28:19,28.6108,77.0377,-40.3,214,-5,-5,0,0,0
15:58:25.019 -> 1516,1071,1068,15.9,97899,33.1,4.12,10:28:19,28.6108,77.0377,-40.3,214,-6,-5,0,0,0
15:58:26.004 -> 1516,1072,1069,16.0,97898,33.1,4.12,10:28:19,28.6108,77.0377,-40.3,214,-4,-5,0,0,0
15:58:27.016 -> 1516,1072,1070,15.9,97899,33.1,4.12,10:28:19,28.6108,77.0377,-40.3,214,-4,-8,0,0,0
15:58:28.027 -> 1516,1073,1071,15.9,97900,33.1,4.11,10:28:27,28.6108,77.0377,-40.3,214,-3,-5,0,0,0
15:58:29.013 -> 1516,1074,1072,16.4,97894,33.1,4.11,10:28:27,28.6108,77.0377,-40.3,214,-3,-6,0,0,0
15:58:30.001 -> 1516,1076,1073,16.0,97899,33.2,4.12,10:28:27,28.6108,77.0377,-40.3,214,-2,-6,0,0,0
15:58:31.013 -> 1516,1077,1074,15.9,97899,33.2,4.12,10:28:27,28.6108,77.0377,-40.3,214,-4,-6,0,0,0
15:58:32.028 -> 1516,1077,1075,15.9,97899,33.2,4.11,10:28:27,28.6108,77.0377,-40.3,214,-3,-6,0,0,0
15:58:33.008 -> 1516,1078,1076,16.5,97892,33.3,4.11,10:28:27,28.6108,77.0377,-40.3,214,-3,-6,0,0,0
15:58:34.022 -> 1516,1080,1077,16.2,97896,33.3,4.12,10:28:27,28.6108,77.0377,-40.3,214,-3,-6,0,0,0
15:58:35.039 -> 1516,1081,1078,15.7,97902,33.4,4.11,10:28:27,28.6108,77.0377,-40.3,214,-4,-7,0,0,0
15:58:36.017 -> 1516,1082,1079,15.4,97906,33.4,4.12,00:28:36,28.6108,77.0377,214.6,12,-3,-6,0,0,0
15:58:37.030 -> 1516,1082,1080,15.9,97900,33.5,4.11,00:28:36,28.6108,77.0377,214.6,12,-3,-6,0,0,0
15:58:38.005 -> 1516,1083,1081,15.4,97906,33.5,4.12,00:28:36,28.6108,77.0377,214.6,12,-2,-7,0,0,0
15:58:39.021 -> 1516,1085,1082,15.7,97902,33.5,4.12,00:28:36,28.6108,77.0377,214.6,12,-2, 1,0,0,0
15:58:40.007 -> 1516,1086,1083,15.5,97905,33.5,4.12,10:28:39,28.6108,77.0377,214.3,12, 0,-11,0,0,0
15:58:41.019 -> 1516,1086,1084,15.5,97905,33.5,4.11,10:28:40,28.6108,77.0377,214.3,12, 0,-13,0,0,0
15:58:41.996 -> 1516,1087,1085,16.1,97897,33.4,4.12,10:28:40,28.6108,77.0377,214.3,12, 1,-5,0,0,0
15:58:43.013 -> 1516,1089,1086,15.9,97900,33.4,4.12,10:28:40,28.6108,77.0377,214.3,12,-0,-6,0,0,0
15:58:44.023 -> 1516,1090,1087,16.1,97897,33.3,4.12,10:28:40,28.6108,77.0377,214.3,12,-2,-6,0,0,0
15:58:45.010 -> 1516,1091,1088,15.7,97902,33.3,4.11,10:28:45,28.6108,77.0377,0.0,120,-2,-10,0,0,0
15:58:46.021 -> 1516,1091,1089,15.7,97901,33.3,4.12,10:28:45,28.6108,77.0377,0.0,120, 3,-3,0,0,0
15:58:47.002 -> 1516,1092,1090,16.0,97898,33.3,4.12,10:28:47,28.6108,77.0377,0.0,120,-0,-8,0,0,0
15:58:48.016 -> 1516,1094,1091,15.9,97900,33.3,4.11,10:28:47,28.6108,77.0377,0.0,120,-0,-7,0,0,0
15:58:49.016 -> 1516,1095,1092,16.1,97897,33.3,4.11,10:28:47,28.6108,77.0377,0.0,120,-1,-7,0,0,0
15:58:50.000 -> 1516,1095,1093,15.8,97901,33.4,4.11,10:28:47,28.6108,77.0377,0.0,120, 1,-7,0,0,0
15:58:51.015 -> 1516,1096,1094,15.5,97905,33.4,4.12,10:28:47,28.6108,77.0377,0.0,120,-0,-7,0,0,0
15:58:51.998 -> 1516,1097,1095,15.8,97901,33.4,4.12,10:28:47,28.6108,77.0377,0.0,120,-1,-6,0,0,0
15:58:53.009 -> 1516,1099,1096,15.4,97907,33.4,4.12,10:28:52,28.6108,77.0377,0.0,120,-2,-5,0,0,0
15:58:53.995 -> 1516,1100,1097,16.1,97897,33.4,4.11,10:28:52,28.6108,77.0377,0.0,120,-2,-5,0,0,0
15:58:55.015 -> 1516,1100,1098,16.1,97897,33.4,4.12,10:28:54,28.6108,8.2043,214.0,12,-1,-5,0,0,0
15:58:56.031 -> 1516,1101,1099,16.5,97893,33.3,4.11,10:28:54,28.6108,8.2043,214.0,12,-3,-5,0,0,0
15:58:57.006 -> 1516,1103,1100,15.9,97899,33.4,4.12,10:28:54,28.6108,8.2043,214.0,12,-3,-4,0,0,0
15:58:58.014 -> 1516,1104,1101,16.6,97892,33.4,4.12,10:28:54,28.6108,8.2043,214.0,12,-2,-5,0,0,0
15:58:58.996 -> 1516,1104,1102,17.0,97887,33.3,4.12,10:28:54,28.6108,8.2043,214.0,12,-5,-5,0,0,0
15:59:00.018 -> 1516,1105,1103,16.5,97893,33.3,4.12,10:28:54,28.6108,8.2043,214.0,12,-4,-4,0,0,0
15:59:00.996 -> 1516,1106,1104,15.9,97899,33.2,4.12,10:29:00,28.6108,8.2043,214.0,12,-4,-5,0,0,0
15:59:03.025 -> 1516,1109,1106,16.5,97893,33.1,4.12,10:29:00,28.6108,8.2043,214.0,12,-6,-4,0,0,0
15:59:04.005 -> 1516,1109,1107,16.3,97895,33.1,4.12,10:29:00,28.6108,8.2043,214.0,12,-2,-1,0,0,0
15:59:04.993 -> 1516,1110,1108,16.4,97893,33.1,4.12,10:29:00,28.6108,8.2043,214.0,12,-6,-3,0,0,0
15:59:06.011 -> 1516,1111,1109,16.2,97896,33.1,4.12,10:29:00,28.6108,8.2043,214.0,12,-5,-3,0,0,0
15:59:07.021 -> 1516,1113,1110,15.8,97900,33.1,4.12,10:29:00,28.6108,8.2043,214.0,12,-6,-3,0,0,0
15:59:08.002 -> 1516,1114,1111,16.6,97892,33.1,4.12,10:29:00,28.6108,8.2043,214.0,12,-7,-3,0,0,0
15:59:09.018 -> 1516,1114,1112,15.9,97900,33.1,4.11,10:29:00,28.6108,8.2043,214.0,12,-9,-1,0,0,0
15:59:10.006 -> 1516,1115,1113,16.2,97895,33.1,4.11,10:29:00,28.6108,8.2043,214.0,12,-7,-2,0,0,0
15:59:11.021 -> 1516,1117,1114,16.2,97896,33.1,4.11,10:29:10,8.6108,77.0434,212.9,12,-8,-1,0,0,0
15:59:12.002 -> 1516,1118,1115,16.3,97895,33.0,4.12,10:29:10,8.6108,77.0434,212.9,12,-8,-2,0,0,0
15:59:13.020 -> 1516,1118,1116,16.4,97894,33.0,4.12,10:29:10,8.6108,77.0434,212.9,12,-7,-2,0,0,0
15:59:14.000 -> 1516,1119,1117,16.3,97895,32.9,4.11,10:29:10,8.6108,77.0434,212.9,12,-9,-2,0,0,0
15:59:15.015 -> 1516,1120,1118,15.5,97905,32.8,4.12,10:29:10,8.6108,77.0434,212.9,12,-2,-7,0,0,0
15:59:16.028 -> 1516,1122,1119,15.6,97903,32.8,4.12,10:29:10,8.6108,77.0434,212.9,12, 3,-9,0,0,0
15:59:17.006 -> 1516,1123,1120,15.3,97907,32.9,4.12,10:29:10,8.6108,77.0434,212.9,12,-0,-7,0,0,0
15:59:18.028 -> 1516,1123,1121,15.3,97907,32.9,4.11,10:29:10,8.6108,77.0434,212.9,12,-0,-6,0,0,0
15:59:19.004 -> 1516,1124,1122,15.5,97904,32.9,4.11,10:29:10,8.6108,77.0434,212.9,12,-1,-2,0,0,0
15:59:20.028 -> 1516,1126,1123,14.9,97912,32.9,4.11,10:29:10,8.6108,77.0434,212.9,12,-1, 4,0,0,0
15:59:21.007 -> 1516,1127,1124,13.8,97924,32.9,4.12,10:29:10,8.6108,77.0434,212.9,12,-9,-10,0,0,0
15:59:22.022 -> 1516,1127,1125,15.0,97910,32.9,4.12,10:29:10,8.6108,77.0434,212.9,12, 0,-3,0,0,0
15:59:23.004 -> 1516,1128,1126,14.9,97911,32.8,4.11,10:29:10,8.6108,77.0434,212.9,12,-1,-9,0,0,0
15:59:24.020 -> 1516,1129,1127,15.5,97904,32.8,4.12,10:29:10,8.6108,77.0434,212.9,12,-2,-2,0,0,0
15:59:25.009 -> 1516,1131,1128,15.3,97907,32.8,4.11,10:29:10,8.6108,77.0434,212.9,12, 6, 0,0,0,0
15:59:25.992 -> 1516,1132,1129,15.7,97902,32.7,4.12,10:29:10,8.6108,77.0434,212.9,12,-6, 2,0,0,0
15:59:27.011 -> 1516,1132,1130,15.7,97902,32.6,4.12,10:29:26,28.6108,77.0378,211.4,12, 4,-7,0,0,0
15:59:28.023 -> 1516,1133,1131,16.3,97894,32.5,4.12,10:29:28,28.6108,8.2044,211.3,12,-12, 6,0,0,0
15:59:29.000 -> 1516,1135,1132,15.6,97903,32.5,4.12,10:29:28,28.6108,8.2044,211.3,12,-8,12,0,0,0
15:59:30.018 -> 1516,1136,1133,16.8,97889,32.3,4.12,10:29:29,28.6108,77.0378,211.3,12,-9, 7,0,0,0
15:59:32.014 -> 1516,1137,1135,16.7,97890,32.3,4.12,10:29:30,28.6108,77.0378,211.3,12,-7, 1,0,0,0
15:59:33.026 -> 1516,1138,1136,14.5,97916,32.3,4.11,10:29:30,28.6108,77.0378,211.3,12, 4,-6,0,0,0
15:59:34.004 -> 1516,1140,1137,15.3,97907,32.3,4.12,10:29:30,28.6108,77.0378,211.3,12,11,-20,0,0,0
15:59:35.027 -> 1516,1141,1138,12.7,97937,32.4,4.12,10:29:30,28.6108,77.0378,211.3,12, 0,-4,0,0,0
15:59:41.998 -> 1516,1147,1145,4.3,98035,33.3,4.12,10:29:35,28.6108,77.0378,211.3,12,-2,-4,0,0,0
